81292534352
784913041985
948487997083
624694676648
54020859354
686056440613
805635684180
70353733514
927125169273
454226691829
807491358147
671031555836
1069157941489
833679566322
903609685898
1037442150317
114656516968
894442850071
510166662680
716463284582
690725817875
505375180184
493489759670
664144968737
582256608459
523642887420
442506344214
86754364357
508612569522
413446479022
421101612056
826020555886
909042120597
714378079829
225354764645
300634517885
769154007832
1048910576531
557212442762
73168304325
299841637952
485464021054
970735689996
802665586228
433974715152
199162736804
151367403947
139708140701
12616899070
920359027367
407076747466
784813541569
91727121458
797582546716
499152641814
421185681800
372192995778
745267917843
305426422955
937906158456
1052942733563
416359536355
579960488419
699058922092
651240090356
91307733714
351232978631
653472258960
813006175707
533477814731
555473810277
651320501901
520859107334
110911444751
184132014450
928902282357
331193419881
568915283407
126466723114
780019298057
447574481389
201274028352
764527940382
702709884566
129237923442
304121796241
807148855558
717000885977
510340664596
108848118453
30061670173
264618500020
951561495462
1019157825368
966615974794
681630479491
696540139212
406941446050
607941072894
25575672085
272932093832
303109709164
1099291116180
72539527088
508449340708
627657744562
609350233143
69424597857
433717713858
32688597727
302542422176
265274490272
518168285941
894755945553
587043914300
962479649630
375737507688
610338883349
575074133166
135337706111
62262656420
561800817630
767236686800
1069287628581
864915443343
523032257068
442103850039
832446317222
408759868200
50132769372
767880479142
24298970209
374870475177
804450226794
1054559383982
666821505187
1053189104986
465597817929
901723754630
1063497082619
956859238403
361829134893
897770215693
171455548135
200671048840
952071819403
148105962528
818936752773
646546642611
1061683253532
216110323607
1025697668666
917543786974
778639384790
450992546575
68300081633
751788515754
387675213004
581159204168
731409330326
804408576517
434462044674
878999451119
513259063134
134192237791
924116899080
440186587050
58928314353
734650461371
999300642731
1048657622604
229533227496
383186451071
754136242530
392792279573
971141167015
146976886965
659267246447
630882258742
598863447306
467657408350
845155836403
1017558002203
659385127971
601099502756
380867774397
448852727608
335159254027
939723054094
1079113339164
859705718580
899338221511
374545739113
518538996763
407607848167
45469686830
349451202532
99151983173
863209367699
214217767242
195839504621
474497270023
378596954355
1015533255789
950929385744
523811917551
602483461245
500367001792
76098481638
421269402893
1066572187575
499115529331
864576395335
403218391097
1088039190913
61928484634
725628810837
819818286332
33331791234
430957212239
491673699961
170605893509
576528596125
583681884418
454618281103
359122960787
544192053458
63498324825
857817529021
874383305225
3728946124
322915398922
944087489535
773854168403
270239412749
1046277426629
487256236654
22834396662
1049334290580
127799944636
859248940196
461491470301
902460459824
259500538025
196701849986
255558216986
483280089474
19579440698
411534427907
535722398689
252820462789
917166920879
71940798453
414134284982
168233460404
997924164736
833236645466
1000326920476
738008606475
204098606946
1013730878770
486619581634
1076451087008
900040940779
703277946675
360121892663
67473056525
475846655604
127366984132
460916936859
649213574948
620160300461
1087814420540
831793191719
92012959850
441119372651
348002634353
395401528802
425121555114
405669912283
411197223067
675037603544
873195899053
602827474983
532331186903
271173148560
277758744694
111210661050
876586755592
936340409483
917608433491
446691593338
489479995552
174808496784
253606147683
530463962215
493166412227
290244646574
439112923966
511477957055
417742304737
715681448703
861931838750
583109343210
457557337174
947160028336
39197494612
565453404667
946584390695
405494499477
232855272050
1086750540580
899550410753
681259754531
1026451696824
877512179445
401789154502
1046052474028
552669289769
1072333387059
218380077886
1064506439123
176993259374
365856727710
450751423707
517414811728
318983347008
804587808594
475003422046
1011949421812
432340324989
680483488281
1075310728841
665674703111
364096743720
548440499340
1037031398881
224354800812
853279249765
782789634798
64120164590
640102020068
1090033185220
75440584375
121073396164
316373028961
575960382260
756406557
362584531054
506235666260
771257194225
883331587461
91102125204
473440062962
774998553364
782511122734
933288788473
528355679569
867031985921
315677835285
953082200733
194514686624
36914949196
1007865053497
315428245474
305878022525
488371837667
540778528576
52930163045
282157052149
402737094169
771125833024
86843553461
253310194225
572278497786
299477076557
739945384490
81759338530
624782905846
935900241655
318030597340
119232856369
846995160800
64970011060
504833045956
492690784823
797829220270
57345120866
117380989975
206854922504
294820642572
316823529333
373009915408
529998856701
464203682919
246048793545
758372569870
381177695145
654809228739
22147195369
904342872582
71469316438
102393606238
101381805509
493061436081
507655202399
239655872601
1005866518880
635626585943
7427278714
118264409895
96336638795
641385688739
780582899728
948008309196
921691584939
575653010081
286578292038
309134675834
877783787616
476942357260
393417017422
224836349351
378300853286
209609543247
609953551293
65311803047
664214437126
458847114409
195102059153
511541143601
475156050153
229333020039
634399589194
459004827016
1029210429156
708094331176
797606387920
185399689209
825048606633
55639449407
405031620276
503586662612
30795152954
409246710257
643891040641
611745028557
311148620007
267465992328
477506299526
630204528458
500921379896
65375011432
865135318562
502707946655
906864747852
632717191312
872658599507
960429985325
975871761460
394248428284
74544782808
245160457183
629442179673
1041042361482
846252460552
524302341455
209619395667
553016103312
141684139735
486012042416
906989168135
340301188286
926977364375
572942733218
815103097263
1085452719429
831474629659
259357387714
947074749907
40846060673
262797027287
535403401558
991443750834
255923337161
433618364729
368855075996
660845518849
480770094528
701486579351
988102598682
1085707010069
333773617272
603449313494
629978249761
412184649062
38010151681
366886500560
918902271180
616822579187
